#header
text=Globe VPS                                                  Current User: Guest
align=left

#navigation
item-link-1=vps
item-label-1=Logout
item-icon-1=LOCK


#header
text=Downloads:
scale=2
align=left

#download

file-app=cdm.note_stash

file-data={title:"Bank User",content:"Check your Email."}



file-name=Email
#download
file-app=cdm.pixel_painter
file-data={Author:"",Pixels:[I;0,0,0,0,0,0,0,0,0,0,0,0,0,0,0,0,0,0,0,0,0,0,0,0,0,0,0,0,0,0,0,0,0,0,0,0,0,0,0,0,0,0,0,0,0,0,0,0,0,0,0,0,0,0,0,0,0,0,0,0,0,0,0,0,0,0,0,0,0,0,0,0,0,0,0,0,0,0,0,0,0,0,0,0,0,0,0,0,0,0,0,0,0,0,0,0,0,0,0,0,0,0,0,0,0,0,0,0,0,0,0,0,0,0,0,0,0,0,0,0,0,0,0,0,0,0,0,0,0,0,0,0,0,0,0,0,-16777216,-16777216,-16777216,-16777216,-16777216,-16777216,-16777216,-16777216,0,0,0,0,0,0,0,0,0,0,0,0,0,0,0,0,0,0,0,0,0,0,0,-16777216,0,-16777216,-16777216,-16777216,-16777216,-16777216,-16777216,0,-16777216,0,0,0,0,0,0,0,0,0,0,0,0,0,0,0,0,0,0,0,0,0,-16777216,0,0,0,-16777216,-16777216,-16777216,-16777216,-16777216,0,0,-16777216,0,0,0,0,0,0,0,0,0,0,0,0,0,0,0,0,0,0,0,-16777216,0,0,0,0,0,-16777216,-16777216,-16777216,-16777216,0,0,0,-16777216,0,0,0,0,0,0,0,0,0,0,0,0,0,0,0,0,0,-16777216,0,0,0,0,0,0,-16777216,-16777216,-16777216,0,0,0,0,0,-16777216,0,0,0,0,0,0,0,0,0,0,0,0,0,0,0,-16777216,0,0,0,0,0,0,0,0,-16777216,-16777216,0,0,0,0,0,0,-16777216,0,0,0,0,0,0,0,0,0,0,0,0,0,0,-16777216,0,0,0,0,0,0,0,0,0,0,0,0,0,-16777216,-16777216,-16777216,-16777216,0,0,0,0,0,0,0,0,0,0,0,0,0,0,-16777216,-16777216,-16777216,-16777216,-16777216,-16777216,-16777216,0,0,0,0,0,0,0,-16777216,-16777216,-16777216,-16777216,0,0,0,0,0,0,0,0,0,0,0,0,0,0,-16777216,-16777216,-16777216,-16777216,-16777216,-16777216,-16777216,0,0,0,0,0,0,0,-16777216,-16777216,-16777216,-16777216,0,0,0,0,0,0,0,0,0,0,0,0,0,0,-16777216,-16777216,-16777216,-16777216,-16777216,-16777216,-16777216,0,0,0,0,0,0,0,-16777216,-16777216,-16777216,-16777216,0,0,0,0,0,0,0,0,0,0,0,0,0,0,-16777216,-16777216,-16777216,-16777216,-16777216,-16777216,0,0,0,0,0,0,0,0,0,-16777216,-16777216,-16777216,0,0,0,0,0,0,0,0,0,0,0,0,0,0,-16777216,0,0,0,0,0,0,0,0,0,0,0,0,0,0,0,0,-16777216,0,0,0,0,0,0,0,0,0,0,0,0,0,0,-16777216,0,0,0,0,0,0,0,0,0,-16777216,-16777216,0,0,0,0,0,-16777216,0,0,0,0,0,0,0,0,0,0,0,0,0,0,0,-16777216,0,0,0,0,0,0,-16777216,-16777216,-16777216,-16777216,-16777216,0,0,0,-16777216,0,0,0,0,0,0,0,0,0,0,0,0,0,0,0,0,0,-16777216,0,0,0,0,-16777216,-16777216,-16777216,-16777216,-16777216,-16777216,0,0,-16777216,0,0,0,0,0,0,0,0,0,0,0,0,0,0,0,0,0,0,0,-16777216,0,0,0,-16777216,-16777216,-16777216,-16777216,-16777216,0,0,-16777216,0,0,0,0,0,0,0,0,0,0,0,0,0,0,0,0,0,0,0,0,0,-16777216,0,-16777216,-16777216,-16777216,-16777216,-16777216,-16777216,0,-16777216,0,0,0,0,0,0,0,0,0,0,0,0,0,0,0,0,0,0,0,0,0,0,0,-16777216,-16777216,-16777216,-16777216,-16777216,-16777216,-16777216,-16777216,0,0,0,0,0,0,0,0,0,0,0,0,0,0,0,0,0,0,0,0,0,0,0,0,0,0,0,0,0,0,0,0,0,0,0,0,0,0,0,0,0,0,0,0,0,0,0,0,0,0,0,0,0,0,0,0,0,0,0,0,0,0,0,0,0,0,0,0,0,0,0,0,0,0,0,0,0,0,0,0,0,0,-16777216,-16777216,-16777216,-16777216,0,-16777216,0,0,0,-16777216,-16777216,-16777216,0,-16777216,-16777216,-16777216,0,-16777216,-16777216,-16777216,-16777216,0,0,0,0,0,0,0,0,0,0,0,-16777216,0,0,0,0,-16777216,0,0,0,-16777216,0,-16777216,0,-16777216,0,-16777216,0,-16777216,0,0,0,0,0,0,0,0,0,0,0,0,0,0,-16777216,0,0,0,0,-16777216,0,0,0,-16777216,0,-16777216,0,-16777216,-16777216,0,0,-16777216,-16777216,-16777216,0,0,0,0,0,0,0,0,0,0,0,0,-16777216,0,-16777216,-16777216,0,-16777216,0,0,0,-16777216,0,-16777216,0,-16777216,0,-16777216,0,-16777216,0,0,0,0,0,0,0,0,0,0,0,0,0,0,-16777216,0,0,-16777216,0,-16777216,0,0,0,-16777216,0,-16777216,0,-16777216,0,-16777216,0,-16777216,0,0,0,0,0,0,0,0,0,0,0,0,0,0,-16777216,-16777216,-16777216,-16777216,0,-16777216,-16777216,-16777216,0,-16777216,-16777216,-16777216,0,-16777216,-16777216,-16777216,0,-16777216,-16777216,-16777216,-16777216,0,0,0,0,0,0,0,0,0,0,0,0,0,0,0,0,0,0,0,0,0,0,0,0,0,0,0,0,0,0,0,0,0,0,0,0,0,0,0,0,0,0,0,0,0,0,0,0,0,0,0,0,0,0,0,0,0,0,0,0,0,0,0,0,0,0,0,0,0,0,0,0,0],Name:"",Resolution:32}
file-name=icon